NY99-flamingo [AF196835]	MD00-crow [AF404753]	NJ00-mosquito [AF404754]	NY00-grouse [AF404755]	NY00-crow [AF404756]	NY99-horse [AF260967]	CT99-mosquito [AF206518]	NY99-human [AF202541]	Isr98-stork [AY033389]	Vol99-human [AF317203]	It98-horse [AF404757]	Rom96-mosquito [AF260969]	Eg51 [AF260968]	Kun [D00246]	Ug37 [M12294]
0
2	0
1	3	0
0	2	1	0
2	4	3	2	0
3	5	4	3	5	0
2	4	3	2	4	5	0
4	6	5	4	6	7	6	0
9	11	10	9	11	12	11	13	0
12	14	13	12	14	15	14	16	21	0
9	11	10	9	11	12	11	13	18	10	0
11	13	12	11	13	14	13	15	20	8	8	0
14	16	15	14	16	17	16	18	23	19	13	17	0
81	83	82	81	83	82	83	85	90	82	80	82	78	0
214	215	215	214	216	215	216	216	223	212	212	217	206	232	0